
====================== learning rate=0.001 epochs=100 train ratio=0.1 val ratio=0.01 ======================
OA=0.986442866365397
AA=0.9794823761753565
kpp=0.9849076568892579
acc per class:[1.     0.9817 0.9779 0.9207 0.9562 0.9437 0.9895 1.     0.9666 0.9971
 1.     1.     1.    ]
train time:16.568220823000047
test time:0.0026578759998301393
[[676   0   0   0   0   0   0   0   0   0   0   0   0]
 [  0 214   0   0   0   4   0   0   0   0   0   0   0]
 [  0   0 221   5   0   0   0   0   0   0   0   0   0]
 [  0   1   6 209  11   0   0   0   0   0   0   0   0]
 [  0   0   1   5 131   0   0   0   0   0   0   0   0]
 [  2   2   0   6   2 201   0   0   0   0   0   0   0]
 [  0   0   1   0   0   0  94   0   0   0   0   0   0]
 [  0   0   0   0   0   0   0 384   0   0   0   0   0]
 [  0   0   0   0   0   0   0   0 463  16   0   0   0]
 [  0   0   0   0   0   0   0   0   0 344   0   1   0]
 [  0   0   0   0   0   0   0   0   0   0 374   0   0]
 [  0   0   0   0   0   0   0   0   0   0   0 447   0]
 [  0   0   0   0   0   0   0   0   0   0   0   0 826]]

                          precision    recall  f1-score   support

                   Scrub       1.00      1.00      1.00       678
            Willow swamp       0.98      0.99      0.98       217
    Cabbage palm hammock       0.98      0.97      0.97       229
Cabbage palm/oak hammock       0.92      0.93      0.92       225
              Slash pine       0.96      0.91      0.93       144
   Oak/broadleaf hammock       0.94      0.98      0.96       205
          Hardwood swamp       0.99      1.00      0.99        94
         Graminoid marsh       1.00      1.00      1.00       384
          Spartine marsh       0.97      1.00      0.98       463
           Cattail marsh       1.00      0.96      0.98       360
              Salt marsh       1.00      1.00      1.00       374
               Mud flats       1.00      1.00      1.00       448
                   Water       1.00      1.00      1.00       826

                accuracy                           0.99      4647
               macro avg       0.98      0.98      0.98      4647
            weighted avg       0.99      0.99      0.99      4647

====================== learning rate=0.001 epochs=100 train ratio=0.1 val ratio=0.01 ======================
OA=0.9866580589627717
AA=0.9777701814993335
kpp=0.9851480861292855
acc per class:[1.     0.9726 0.9309 0.8821 0.9545 0.9709 1.     1.     1.     1.
 1.     1.     1.    ]
train time:16.587285438000436
test time:0.002730162000261771
[[678   0   0   0   0   0   0   0   0   0   0   0   0]
 [  0 213   0   0   0   4   2   0   0   0   0   0   0]
 [  0   0 229  17   0   0   0   0   0   0   0   0   0]
 [  0   0   0 202  16   1   0   0   0   0  10   0   0]
 [  0   0   0   6 126   0   0   0   0   0   0   0   0]
 [  0   4   0   0   2 200   0   0   0   0   0   0   0]
 [  0   0   0   0   0   0  92   0   0   0   0   0   0]
 [  0   0   0   0   0   0   0 384   0   0   0   0   0]
 [  0   0   0   0   0   0   0   0 463   0   0   0   0]
 [  0   0   0   0   0   0   0   0   0 360   0   0   0]
 [  0   0   0   0   0   0   0   0   0   0 364   0   0]
 [  0   0   0   0   0   0   0   0   0   0   0 448   0]
 [  0   0   0   0   0   0   0   0   0   0   0   0 826]]

                          precision    recall  f1-score   support

                   Scrub       1.00      1.00      1.00       678
            Willow swamp       0.97      0.98      0.98       217
    Cabbage palm hammock       0.93      1.00      0.96       229
Cabbage palm/oak hammock       0.88      0.90      0.89       225
              Slash pine       0.95      0.88      0.91       144
   Oak/broadleaf hammock       0.97      0.98      0.97       205
          Hardwood swamp       1.00      0.98      0.99        94
         Graminoid marsh       1.00      1.00      1.00       384
          Spartine marsh       1.00      1.00      1.00       463
           Cattail marsh       1.00      1.00      1.00       360
              Salt marsh       1.00      0.97      0.99       374
               Mud flats       1.00      1.00      1.00       448
                   Water       1.00      1.00      1.00       826

                accuracy                           0.99      4647
               macro avg       0.98      0.98      0.98      4647
            weighted avg       0.99      0.99      0.99      4647

====================== learning rate=0.001 epochs=100 train ratio=0.1 val ratio=0.01 ======================
OA=0.991392296105014
AA=0.9871091639549847
kpp=0.9904166711563817
acc per class:[0.9971 0.9908 0.9661 0.9145 1.     0.9665 1.     0.9974 1.     1.
 1.     1.     1.    ]
train time:16.44850905199928
test time:0.0025959459999285173
[[678   0   0   0   0   1   0   1   0   0   0   0   0]
 [  0 216   0   0   0   2   0   0   0   0   0   0   0]
 [  0   0 228   8   0   0   0   0   0   0   0   0   0]
 [  0   0   1 214  19   0   0   0   0   0   0   0   0]
 [  0   0   0   0 121   0   0   0   0   0   0   0   0]
 [  0   0   0   3   4 202   0   0   0   0   0   0   0]
 [  0   0   0   0   0   0  94   0   0   0   0   0   0]
 [  0   1   0   0   0   0   0 383   0   0   0   0   0]
 [  0   0   0   0   0   0   0   0 463   0   0   0   0]
 [  0   0   0   0   0   0   0   0   0 360   0   0   0]
 [  0   0   0   0   0   0   0   0   0   0 374   0   0]
 [  0   0   0   0   0   0   0   0   0   0   0 448   0]
 [  0   0   0   0   0   0   0   0   0   0   0   0 826]]

                          precision    recall  f1-score   support

                   Scrub       1.00      1.00      1.00       678
            Willow swamp       0.99      1.00      0.99       217
    Cabbage palm hammock       0.97      1.00      0.98       229
Cabbage palm/oak hammock       0.91      0.95      0.93       225
              Slash pine       1.00      0.84      0.91       144
   Oak/broadleaf hammock       0.97      0.99      0.98       205
          Hardwood swamp       1.00      1.00      1.00        94
         Graminoid marsh       1.00      1.00      1.00       384
          Spartine marsh       1.00      1.00      1.00       463
           Cattail marsh       1.00      1.00      1.00       360
              Salt marsh       1.00      1.00      1.00       374
               Mud flats       1.00      1.00      1.00       448
                   Water       1.00      1.00      1.00       826

                accuracy                           0.99      4647
               macro avg       0.99      0.98      0.98      4647
            weighted avg       0.99      0.99      0.99      4647

====================== learning rate=0.001 epochs=100 train ratio=0.1 val ratio=0.01 ======================
OA=0.9911771035076393
AA=0.9866303163696645
kpp=0.9901785366330423
acc per class:[1.     0.9813 0.9662 0.9351 0.9925 0.9617 1.     1.     0.9893 1.
 1.     1.     1.    ]
train time:16.439288282000234
test time:0.003256752999732271
[[676   0   0   0   0   0   0   0   0   0   0   0   0]
 [  0 210   0   0   0   4   0   0   0   0   0   0   0]
 [  0   0 229   8   0   0   0   0   0   0   0   0   0]
 [  0   1   0 216  11   0   0   3   0   0   0   0   0]
 [  0   0   0   1 133   0   0   0   0   0   0   0   0]
 [  2   6   0   0   0 201   0   0   0   0   0   0   0]
 [  0   0   0   0   0   0  94   0   0   0   0   0   0]
 [  0   0   0   0   0   0   0 381   0   0   0   0   0]
 [  0   0   0   0   0   0   0   0 463   0   5   0   0]
 [  0   0   0   0   0   0   0   0   0 360   0   0   0]
 [  0   0   0   0   0   0   0   0   0   0 369   0   0]
 [  0   0   0   0   0   0   0   0   0   0   0 448   0]
 [  0   0   0   0   0   0   0   0   0   0   0   0 826]]

                          precision    recall  f1-score   support

                   Scrub       1.00      1.00      1.00       678
            Willow swamp       0.98      0.97      0.97       217
    Cabbage palm hammock       0.97      1.00      0.98       229
Cabbage palm/oak hammock       0.94      0.96      0.95       225
              Slash pine       0.99      0.92      0.96       144
   Oak/broadleaf hammock       0.96      0.98      0.97       205
          Hardwood swamp       1.00      1.00      1.00        94
         Graminoid marsh       1.00      0.99      1.00       384
          Spartine marsh       0.99      1.00      0.99       463
           Cattail marsh       1.00      1.00      1.00       360
              Salt marsh       1.00      0.99      0.99       374
               Mud flats       1.00      1.00      1.00       448
                   Water       1.00      1.00      1.00       826

                accuracy                           0.99      4647
               macro avg       0.99      0.99      0.99      4647
            weighted avg       0.99      0.99      0.99      4647

====================== learning rate=0.001 epochs=100 train ratio=0.1 val ratio=0.01 ======================
OA=0.9875188293522703
AA=0.9802767773190543
kpp=0.9861063514705537
acc per class:[0.9985 0.9905 0.9786 0.9573 0.9552 0.8788 1.     1.     1.     1.
 1.     0.9846 1.    ]
train time:16.46503064100034
test time:0.002733507999437279
[[673   1   0   0   0   0   0   0   0   0   0   0   0]
 [  0 208   0   0   0   2   0   0   0   0   0   0   0]
 [  0   0 229   5   0   0   0   0   0   0   0   0   0]
 [  0   0   0 202   9   0   0   0   0   0   0   0   0]
 [  0   0   0   6 128   0   0   0   0   0   0   0   0]
 [  5   4   0  12   7 203   0   0   0   0   0   0   0]
 [  0   0   0   0   0   0  94   0   0   0   0   0   0]
 [  0   0   0   0   0   0   0 384   0   0   0   0   0]
 [  0   0   0   0   0   0   0   0 463   0   0   0   0]
 [  0   0   0   0   0   0   0   0   0 360   0   0   0]
 [  0   0   0   0   0   0   0   0   0   0 371   0   0]
 [  0   4   0   0   0   0   0   0   0   0   3 448   0]
 [  0   0   0   0   0   0   0   0   0   0   0   0 826]]

                          precision    recall  f1-score   support

                   Scrub       1.00      0.99      1.00       678
            Willow swamp       0.99      0.96      0.97       217
    Cabbage palm hammock       0.98      1.00      0.99       229
Cabbage palm/oak hammock       0.96      0.90      0.93       225
              Slash pine       0.96      0.89      0.92       144
   Oak/broadleaf hammock       0.88      0.99      0.93       205
          Hardwood swamp       1.00      1.00      1.00        94
         Graminoid marsh       1.00      1.00      1.00       384
          Spartine marsh       1.00      1.00      1.00       463
           Cattail marsh       1.00      1.00      1.00       360
              Salt marsh       1.00      0.99      1.00       374
               Mud flats       0.98      1.00      0.99       448
                   Water       1.00      1.00      1.00       826

                accuracy                           0.99      4647
               macro avg       0.98      0.98      0.98      4647
            weighted avg       0.99      0.99      0.99      4647


***************Mean result of 5times runs ********************
List of OA:[0.986442866365397, 0.9866580589627717, 0.991392296105014, 0.9911771035076393, 0.9875188293522703]
List of AA:[0.9794823761753565, 0.9777701814993335, 0.9871091639549847, 0.9866303163696645, 0.9802767773190543]
List of KPP:[0.9849076568892579, 0.9851480861292855, 0.9904166711563817, 0.9901785366330423, 0.9861063514705537]
OA=98.86+-0.22
AA=98.23+-0.39
Kpp=98.74+-0.24
Acc per class=
[ 99.91  98.34  96.39  92.19  97.17  94.43  99.79  99.95  99.12  99.94
 100.    99.69 100.  ]+-[0.12 0.68 1.74 2.48 2.02 3.4  0.42 0.1  1.3  0.12 0.   0.62 0.  ]
Average training time=16.5+-0.063
Average testing time=2.79+-0.024