
====================== learning rate=0.001 epochs=100 train ratio=0.1 val ratio=0.01 ======================
OA=0.9830248603657868
AA=0.9781090228539631
kpp=0.9806428337248542
acc per class:[0.89130435 0.98190401 0.99590723 0.99004975 0.97578692 0.99690402
 1.         0.995338   1.         0.9882904  0.99086758 0.95620438
 0.99456522 0.96880416 0.95870206 0.96511628]
train time:28.713393776000004
test time:0.015331571000018585
[[  41    0    0    0    5    0    0    0    0    0    0    0    0    0
     0    0]
 [   0 1248    7    0    0    0    0    0    0    4   10    0    0    0
     2    0]
 [   0    0  730    2    0    0    0    0    0    0    1    0    0    0
     0    0]
 [   0    2    0  199    0    0    0    0    0    0    0    0    0    0
     0    0]
 [   0    0    0    0  403    0    3    0    0    3    0    0    0    0
     4    0]
 [   0    1    0    0    0  644    0    0    0    0    0    0    0    0
     1    0]
 [   0    0    0    0    0    0   21    0    0    0    0    0    0    0
     0    0]
 [   0    0    0    0    2    0    0  427    0    0    0    0    0    0
     0    0]
 [   0    0    0    0    0    0    0    0   16    0    0    0    0    0
     0    0]
 [   0    2    0    0    0    0    0    0    0  844    4    2    0    0
     2    0]
 [   0    6    1    0    2    1    0    0    0   10 2170    0    0    0
     0    0]
 [   0   11    0   11    0    0    0    0    0    2    0  524    0    0
     0    0]
 [   0    0    1    0    0    0    0    0    0    0    0    0  183    0
     0    0]
 [   0    2    0    0   16    3    0    0    0    3    1    0    0 1118
    11    0]
 [   0    0    0    0    3    2    0    0    0    0    0    0    0    9
   325    0]
 [   0    0    0    0    0    0    0    0    0    0    0    3    0    0
     0   83]]

                              precision    recall  f1-score   support

                     Alfalfa       0.89      1.00      0.94        41
                 Corn-notill       0.98      0.98      0.98      1272
                Corn-mintill       1.00      0.99      0.99       739
                        Corn       0.99      0.94      0.96       212
               Grass-pasture       0.98      0.94      0.95       431
                 Grass-trees       1.00      0.99      0.99       650
         Grass-pasture-mowed       1.00      0.88      0.93        24
               Hay-windrowed       1.00      1.00      1.00       427
                        Oats       1.00      1.00      1.00        16
              Soybean-notill       0.99      0.97      0.98       866
             Soybean-mintill       0.99      0.99      0.99      2186
               Soybean-clean       0.96      0.99      0.97       529
                       Wheat       0.99      1.00      1.00       183
                       Woods       0.97      0.99      0.98      1127
Buildings-Grass-Trees-Drives       0.96      0.94      0.95       345
          Stone-Steel-Towers       0.97      1.00      0.98        83

                    accuracy                           0.98      9131
                   macro avg       0.98      0.98      0.98      9131
                weighted avg       0.98      0.98      0.98      9131

====================== learning rate=0.001 epochs=100 train ratio=0.1 val ratio=0.01 ======================
OA=0.9783156280801665
AA=0.9571741402047993
kpp=0.9752869018439173
acc per class:[0.86666667 0.97208931 0.9972863  0.94594595 0.99009901 0.99844961
 0.75       1.         1.         0.97679814 0.9798995  0.97943925
 1.         0.97870453 0.92702703 0.95238095]
train time:20.996036361000023
test time:0.0017476189999854341
[[  39    0    0    0    0    0    0    0    0    6    0    0    0    0
     0    0]
 [   0 1219    0    0    0    0    0    0    0    5   28    0    0    0
     2    0]
 [   0    2  735    0    0    0    0    0    0    0    0    0    0    0
     0    0]
 [   0    0    0  210    9    2    0    0    0    0    0    1    0    0
     0    0]
 [   0    0    0    0  400    0    0    0    0    3    1    0    0    0
     0    0]
 [   0    1    0    0    0  644    0    0    0    0    0    0    0    0
     0    0]
 [   0    0    0    0    8    0   24    0    0    0    0    0    0    0
     0    0]
 [   0    0    0    0    0    0    0  427    0    0    0    0    0    0
     0    0]
 [   0    0    0    0    0    0    0    0   16    0    0    0    0    0
     0    0]
 [   0   11    1    0    0    0    0    0    0  842    8    0    0    0
     0    0]
 [   0   36    3    0    3    0    0    0    0    1 2145    0    1    0
     0    0]
 [   0    0    0    2    0    0    0    0    0    6    0  524    0    0
     0    3]
 [   0    0    0    0    0    0    0    0    0    0    0    0  182    0
     0    0]
 [   2    3    0    0   11    3    0    0    0    1    4    0    0 1103
     0    0]
 [   0    0    0    0    0    1    0    0    0    2    0    0    0   24
   343    0]
 [   0    0    0    0    0    0    0    0    0    0    0    4    0    0
     0   80]]

                              precision    recall  f1-score   support

                     Alfalfa       0.87      0.95      0.91        41
                 Corn-notill       0.97      0.96      0.97      1272
                Corn-mintill       1.00      0.99      1.00       739
                        Corn       0.95      0.99      0.97       212
               Grass-pasture       0.99      0.93      0.96       431
                 Grass-trees       1.00      0.99      0.99       650
         Grass-pasture-mowed       0.75      1.00      0.86        24
               Hay-windrowed       1.00      1.00      1.00       427
                        Oats       1.00      1.00      1.00        16
              Soybean-notill       0.98      0.97      0.97       866
             Soybean-mintill       0.98      0.98      0.98      2186
               Soybean-clean       0.98      0.99      0.98       529
                       Wheat       1.00      0.99      1.00       183
                       Woods       0.98      0.98      0.98      1127
Buildings-Grass-Trees-Drives       0.93      0.99      0.96       345
          Stone-Steel-Towers       0.95      0.96      0.96        83

                    accuracy                           0.98      9131
                   macro avg       0.96      0.98      0.97      9131
                weighted avg       0.98      0.98      0.98      9131

====================== learning rate=0.001 epochs=100 train ratio=0.1 val ratio=0.01 ======================
OA=0.9752491512430183
AA=0.9712833899518317
kpp=0.9717826133162158
acc per class:[0.9047619  0.96264591 0.99184783 0.89451477 0.95730337 0.9984326
 1.         1.         1.         0.96944771 0.98441797 0.96923077
 1.         0.97548161 0.94578313 0.98666667]
train time:21.147805775999984
test time:0.002582692999965275
[[  38    0    0    0    0    0    0    0    0    4    0    0    0    0
     0    0]
 [   3 1237    5    0    0    1    0    0    0    3   25    0    0    0
    10    1]
 [   0    0  730    0    0    0    0    0    0    0    0    6    0    0
     0    0]
 [   0    0    1  212    0    6    0    0    0    0    0   18    0    0
     0    0]
 [   0    0    0    0  426    1    3    0    0   15    0    0    0    0
     0    0]
 [   0    0    0    0    0  637    0    1    0    0    0    0    0    0
     0    0]
 [   0    0    0    0    0    0   21    0    0    0    0    0    0    0
     0    0]
 [   0    0    0    0    0    0    0  426    0    0    0    0    0    0
     0    0]
 [   0    0    0    0    0    0    0    0   16    0    0    0    0    0
     0    0]
 [   0   15    0    0    0    0    0    0    0  825   11    0    0    0
     0    0]
 [   0   19    0    0    1    4    0    0    0    9 2148    1    0    0
     0    0]
 [   0    0    3    0    0    0    0    0    0    5    0  504    0    0
     0    8]
 [   0    0    0    0    0    0    0    0    0    0    0    0  183    0
     0    0]
 [   0    1    0    0    3    1    0    0    0    1    1    0    0 1114
    21    0]
 [   0    0    0    0    1    0    0    0    0    4    0    0    0   13
   314    0]
 [   0    0    0    0    0    0    0    0    0    0    1    0    0    0
     0   74]]

                              precision    recall  f1-score   support

                     Alfalfa       0.90      0.93      0.92        41
                 Corn-notill       0.96      0.97      0.97      1272
                Corn-mintill       0.99      0.99      0.99       739
                        Corn       0.89      1.00      0.94       212
               Grass-pasture       0.96      0.99      0.97       431
                 Grass-trees       1.00      0.98      0.99       650
         Grass-pasture-mowed       1.00      0.88      0.93        24
               Hay-windrowed       1.00      1.00      1.00       427
                        Oats       1.00      1.00      1.00        16
              Soybean-notill       0.97      0.95      0.96       866
             Soybean-mintill       0.98      0.98      0.98      2186
               Soybean-clean       0.97      0.95      0.96       529
                       Wheat       1.00      1.00      1.00       183
                       Woods       0.98      0.99      0.98      1127
Buildings-Grass-Trees-Drives       0.95      0.91      0.93       345
          Stone-Steel-Towers       0.99      0.89      0.94        83

                    accuracy                           0.98      9131
                   macro avg       0.97      0.96      0.97      9131
                weighted avg       0.98      0.98      0.98      9131

====================== learning rate=0.001 epochs=100 train ratio=0.1 val ratio=0.01 ======================
OA=0.9835724455152777
AA=0.982292969125151
kpp=0.981272956062074
acc per class:[1.         0.97744946 0.98641304 0.98130841 0.98352941 0.99539171
 1.         0.995338   0.94117647 0.98574822 0.98990363 0.9793621
 1.         0.97805092 0.93521127 0.98780488]
train time:21.138809376999973
test time:0.0021475100000429848
[[  38    0    0    0    0    0    0    0    0    0    0    0    0    0
     0    0]
 [   1 1257    3    0    0    0    0    0    0    2   23    0    0    0
     0    0]
 [   0    7  726    0    0    0    0    0    0    0    3    0    0    0
     0    0]
 [   0    0    1  210    0    0    0    0    0    0    0    3    0    0
     0    0]
 [   0    0    4    0  418    1    1    0    0    0    0    0    1    0
     0    0]
 [   0    2    0    0    0  648    0    0    0    0    1    0    0    0
     0    0]
 [   0    0    0    0    0    0   23    0    0    0    0    0    0    0
     0    0]
 [   1    0    0    0    0    0    0  427    0    0    0    0    0    1
     0    0]
 [   0    0    0    0    0    0    0    0   16    0    0    1    0    0
     0    0]
 [   1    6    1    0    0    0    0    0    0  830    2    2    0    0
     0    0]
 [   0    0    1    0    1    1    0    0    0   18 2157    0    0    1
     0    0]
 [   0    0    2    2    0    0    0    0    0    5    0  522    0    0
     0    2]
 [   0    0    0    0    0    0    0    0    0    0    0    0  182    0
     0    0]
 [   0    0    0    0   12    0    0    0    0    0    0    0    0 1114
    13    0]
 [   0    0    1    0    0    0    0    0    0   11    0    0    0   11
   332    0]
 [   0    0    0    0    0    0    0    0    0    0    0    1    0    0
     0   81]]

                              precision    recall  f1-score   support

                     Alfalfa       1.00      0.93      0.96        41
                 Corn-notill       0.98      0.99      0.98      1272
                Corn-mintill       0.99      0.98      0.98       739
                        Corn       0.98      0.99      0.99       212
               Grass-pasture       0.98      0.97      0.98       431
                 Grass-trees       1.00      1.00      1.00       650
         Grass-pasture-mowed       1.00      0.96      0.98        24
               Hay-windrowed       1.00      1.00      1.00       427
                        Oats       0.94      1.00      0.97        16
              Soybean-notill       0.99      0.96      0.97       866
             Soybean-mintill       0.99      0.99      0.99      2186
               Soybean-clean       0.98      0.99      0.98       529
                       Wheat       1.00      0.99      1.00       183
                       Woods       0.98      0.99      0.98      1127
Buildings-Grass-Trees-Drives       0.94      0.96      0.95       345
          Stone-Steel-Towers       0.99      0.98      0.98        83

                    accuracy                           0.98      9131
                   macro avg       0.98      0.98      0.98      9131
                weighted avg       0.98      0.98      0.98      9131

====================== learning rate=0.001 epochs=100 train ratio=0.1 val ratio=0.01 ======================
OA=0.981601138977111
AA=0.9800833068189632
kpp=0.979013523360556
acc per class:[0.92682927 0.97163121 0.98486933 0.9804878  0.9793578  0.99075501
 1.         1.         1.         0.97803468 0.98323516 0.97169811
 1.         0.99030837 0.95942029 0.96470588]
train time:20.906740936999995
test time:0.001843650000012076
[[  38    0    0    0    0    0    0    0    0    3    0    0    0    0
     0    0]
 [   1 1233   10    7    0    0    0    0    0    8   10    0    0    0
     0    0]
 [   0    0  716    0    0    0    0    0    0    0    0   11    0    0
     0    0]
 [   0    0    0  201    0    0    0    4    0    0    0    0    0    0
     0    0]
 [   2    0    0    0  427    0    7    0    0    0    0    0    0    0
     0    0]
 [   0    2    0    0    2  643    0    0    0    0    0    0    0    0
     2    0]
 [   0    0    0    0    0    0   17    0    0    0    0    0    0    0
     0    0]
 [   0    0    0    0    0    0    0  423    0    0    0    0    0    0
     0    0]
 [   0    0    0    0    0    0    0    0   15    0    0    0    0    0
     0    0]
 [   0   13    2    0    0    0    0    0    0  846    4    0    0    0
     0    0]
 [   0   17   11    0    0    1    0    0    0    8 2170    0    0    0
     0    0]
 [   0    7    0    4    0    0    0    0    0    0    0  515    0    0
     3    1]
 [   0    0    0    0    0    0    0    0    0    0    0    0  182    0
     0    0]
 [   0    0    0    0    0    2    0    0    0    0    0    0    0 1124
     9    0]
 [   0    0    0    0    2    4    0    0    1    1    2    0    1    3
   331    0]
 [   0    0    0    0    0    0    0    0    0    0    0    3    0    0
     0   82]]

                              precision    recall  f1-score   support

                     Alfalfa       0.93      0.93      0.93        41
                 Corn-notill       0.97      0.97      0.97      1272
                Corn-mintill       0.98      0.97      0.98       739
                        Corn       0.98      0.95      0.96       212
               Grass-pasture       0.98      0.99      0.99       431
                 Grass-trees       0.99      0.99      0.99       650
         Grass-pasture-mowed       1.00      0.71      0.83        24
               Hay-windrowed       1.00      0.99      1.00       427
                        Oats       1.00      0.94      0.97        16
              Soybean-notill       0.98      0.98      0.98       866
             Soybean-mintill       0.98      0.99      0.99      2186
               Soybean-clean       0.97      0.97      0.97       529
                       Wheat       1.00      0.99      1.00       183
                       Woods       0.99      1.00      0.99      1127
Buildings-Grass-Trees-Drives       0.96      0.96      0.96       345
          Stone-Steel-Towers       0.96      0.99      0.98        83

                    accuracy                           0.98      9131
                   macro avg       0.98      0.96      0.97      9131
                weighted avg       0.98      0.98      0.98      9131


***************Mean result of 5times runs ********************
List of OA:[0.9830248603657868, 0.9783156280801665, 0.9752491512430183, 0.9835724455152777, 0.981601138977111]
List of AA:[0.9781090228539631, 0.9571741402047993, 0.9712833899518317, 0.982292969125151, 0.9800833068189632]
List of KPP:[0.9806428337248542, 0.9752869018439173, 0.9717826133162158, 0.981272956062074, 0.979013523360556]
OA=98.04+-0.31
AA=97.38+-0.91
Kpp=97.76+-0.36
Acc per class=
[91.79 97.31 99.13 95.85 97.72 99.6  95.   99.81 98.82 97.97 98.57 97.12
 99.89 97.83 94.52 97.13]+-[ 4.54  0.65  0.5   3.54  1.1   0.29 10.    0.23  2.35  0.67  0.41  0.85
  0.22  0.7   1.28  1.38]
Average training time=22.58+-3.068
Average testing time=4.73+-0.531