
====================== learning rate=0.001 epochs=100 train ratio=0.1 val ratio=0.01 ======================
OA=0.9993172268907563
AA=0.9989874804110652
kpp=0.999095365842494
acc per class:[0.9988 1.     0.9963 1.     0.9992 1.     1.     0.9967 1.    ]
train time:124.90750035699966
test time:0.0023103160001483047
[[ 5891     0     7     0     0     0     0     0     0]
 [    0 16599     0     0     0     0     0     0     0]
 [    7     0  1861     0     0     0     0     0     0]
 [    0     0     0  2723     0     0     0     0     0]
 [    0     0     0     0  1198     0     0     0     1]
 [    0     0     0     0     0  4477     0     0     0]
 [    0     0     0     0     0     0  1184     0     0]
 [    4     0     2     5     0     0     0  3278     0]
 [    0     0     0     0     0     0     0     0   843]]

                      precision    recall  f1-score   support

             Asphalt       1.00      1.00      1.00      5902
             Meadows       1.00      1.00      1.00     16599
              Gravel       1.00      1.00      1.00      1870
               Trees       1.00      1.00      1.00      2728
Painted metal sheets       1.00      1.00      1.00      1198
           Bare Soil       1.00      1.00      1.00      4477
             Bitumen       1.00      1.00      1.00      1184
Self-Blocking Bricks       1.00      1.00      1.00      3278
             Shadows       1.00      1.00      1.00       844

            accuracy                           1.00     38080
           macro avg       1.00      1.00      1.00     38080
        weighted avg       1.00      1.00      1.00     38080

====================== learning rate=0.001 epochs=100 train ratio=0.1 val ratio=0.01 ======================
OA=0.9993434873949579
AA=0.9990011357975574
kpp=0.9991301490364083
acc per class:[0.9995 0.9999 1.     1.     0.9992 1.     1.     0.9948 0.9976]
train time:124.22329311799967
test time:0.0023175229998741997
[[ 5890     0     3     0     0     0     0     0     0]
 [    0 16599     0     2     0     0     0     0     0]
 [    0     0  1866     0     0     0     0     0     0]
 [    0     0     0  2720     0     0     0     0     0]
 [    0     0     0     0  1198     0     0     0     1]
 [    0     0     0     0     0  4477     0     0     0]
 [    0     0     0     0     0     0  1184     0     0]
 [   12     0     1     4     0     0     0  3278     0]
 [    0     0     0     2     0     0     0     0   843]]

                      precision    recall  f1-score   support

             Asphalt       1.00      1.00      1.00      5902
             Meadows       1.00      1.00      1.00     16599
              Gravel       1.00      1.00      1.00      1870
               Trees       1.00      1.00      1.00      2728
Painted metal sheets       1.00      1.00      1.00      1198
           Bare Soil       1.00      1.00      1.00      4477
             Bitumen       1.00      1.00      1.00      1184
Self-Blocking Bricks       0.99      1.00      1.00      3278
             Shadows       1.00      1.00      1.00       844

            accuracy                           1.00     38080
           macro avg       1.00      1.00      1.00     38080
        weighted avg       1.00      1.00      1.00     38080

====================== learning rate=0.001 epochs=100 train ratio=0.1 val ratio=0.01 ======================
OA=0.998844537815126
AA=0.9988947336848474
kpp=0.9984689803323578
acc per class:[0.9995 0.9992 1.     0.9993 0.9992 0.9978 0.9992 0.996  1.    ]
train time:124.70403662599983
test time:0.002295891999892774
[[ 5897     0     3     0     0     0     0     0     0]
 [    0 16589     0     5     0     9     0     0     0]
 [    0     0  1858     0     0     0     0     0     0]
 [    0     2     0  2721     0     0     0     0     0]
 [    0     0     0     0  1198     0     0     0     1]
 [    0     8     0     2     0  4468     0     0     0]
 [    1     0     0     0     0     0  1184     0     0]
 [    4     0     9     0     0     0     0  3278     0]
 [    0     0     0     0     0     0     0     0   843]]

                      precision    recall  f1-score   support

             Asphalt       1.00      1.00      1.00      5902
             Meadows       1.00      1.00      1.00     16599
              Gravel       1.00      0.99      1.00      1870
               Trees       1.00      1.00      1.00      2728
Painted metal sheets       1.00      1.00      1.00      1198
           Bare Soil       1.00      1.00      1.00      4477
             Bitumen       1.00      1.00      1.00      1184
Self-Blocking Bricks       1.00      1.00      1.00      3278
             Shadows       1.00      1.00      1.00       844

            accuracy                           1.00     38080
           macro avg       1.00      1.00      1.00     38080
        weighted avg       1.00      1.00      1.00     38080

====================== learning rate=0.001 epochs=100 train ratio=0.1 val ratio=0.01 ======================
OA=0.9992909663865546
AA=0.9990897459861754
kpp=0.9990605084221834
acc per class:[0.9997 0.9996 0.9947 1.     1.     0.9991 1.     0.9988 1.    ]
train time:125.93862603199977
test time:0.002343813000152295
[[ 5901     0     0     0     0     0     0     2     0]
 [    0 16597     0     6     0     1     0     0     0]
 [    0     0  1870     9     0     0     0     1     0]
 [    0     0     0  2708     0     0     0     0     0]
 [    0     0     0     0  1198     0     0     0     0]
 [    0     2     0     2     0  4476     0     0     0]
 [    0     0     0     0     0     0  1184     0     0]
 [    1     0     0     3     0     0     0  3275     0]
 [    0     0     0     0     0     0     0     0   844]]

                      precision    recall  f1-score   support

             Asphalt       1.00      1.00      1.00      5902
             Meadows       1.00      1.00      1.00     16599
              Gravel       0.99      1.00      1.00      1870
               Trees       1.00      0.99      1.00      2728
Painted metal sheets       1.00      1.00      1.00      1198
           Bare Soil       1.00      1.00      1.00      4477
             Bitumen       1.00      1.00      1.00      1184
Self-Blocking Bricks       1.00      1.00      1.00      3278
             Shadows       1.00      1.00      1.00       844

            accuracy                           1.00     38080
           macro avg       1.00      1.00      1.00     38080
        weighted avg       1.00      1.00      1.00     38080

====================== learning rate=0.001 epochs=100 train ratio=0.1 val ratio=0.01 ======================
OA=0.998923319327731
AA=0.9986215873579094
kpp=0.9985732537519605
acc per class:[0.9997 0.9995 0.9989 1.     1.     1.     0.9983 0.9924 0.9988]
train time:136.5390495239999
test time:0.0024132649996317923
[[ 5899     0     2     0     0     0     0     0     0]
 [    0 16599     0     9     0     0     0     0     0]
 [    2     0  1844     0     0     0     0     0     0]
 [    0     0     0  2718     0     0     0     0     0]
 [    0     0     0     0  1198     0     0     0     0]
 [    0     0     0     0     0  4477     0     0     0]
 [    0     0     0     0     0     0  1184     0     2]
 [    1     0    24     0     0     0     0  3278     0]
 [    0     0     0     1     0     0     0     0   842]]

                      precision    recall  f1-score   support

             Asphalt       1.00      1.00      1.00      5902
             Meadows       1.00      1.00      1.00     16599
              Gravel       1.00      0.99      0.99      1870
               Trees       1.00      1.00      1.00      2728
Painted metal sheets       1.00      1.00      1.00      1198
           Bare Soil       1.00      1.00      1.00      4477
             Bitumen       1.00      1.00      1.00      1184
Self-Blocking Bricks       0.99      1.00      1.00      3278
             Shadows       1.00      1.00      1.00       844

            accuracy                           1.00     38080
           macro avg       1.00      1.00      1.00     38080
        weighted avg       1.00      1.00      1.00     38080


***************Mean result of 5times runs ********************
List of OA:[0.9993172268907563, 0.9993434873949579, 0.998844537815126, 0.9992909663865546, 0.998923319327731]
List of AA:[0.9989874804110652, 0.9990011357975574, 0.9988947336848474, 0.9990897459861754, 0.9986215873579094]
List of KPP:[0.999095365842494, 0.9991301490364083, 0.9984689803323578, 0.9990605084221834, 0.9985732537519605]
OA=99.91+-0.02
AA=99.89+-0.02
Kpp=99.89+-0.03
Acc per class=
[99.94 99.96 99.8  99.99 99.95 99.94 99.95 99.58 99.93]+-[0.03 0.03 0.21 0.03 0.04 0.09 0.07 0.21 0.09]
Average training time=127.26+-4.672
Average testing time=2.34+-0.004