
====================== learning rate=0.001 epochs=100 train ratio=0.1 val ratio=0.01 ======================
OA=0.9993172268907563
AA=0.9989874804110652
kpp=0.999095365842494
acc per class:[0.9988 1.     0.9963 1.     0.9992 1.     1.     0.9967 1.    ]
train time:126.23792245600089
test time:0.0023435819985024864
[[ 5891     0     7     0     0     0     0     0     0]
 [    0 16599     0     0     0     0     0     0     0]
 [    7     0  1861     0     0     0     0     0     0]
 [    0     0     0  2723     0     0     0     0     0]
 [    0     0     0     0  1198     0     0     0     1]
 [    0     0     0     0     0  4477     0     0     0]
 [    0     0     0     0     0     0  1184     0     0]
 [    4     0     2     5     0     0     0  3278     0]
 [    0     0     0     0     0     0     0     0   843]]

                      precision    recall  f1-score   support

             Asphalt       1.00      1.00      1.00      5902
             Meadows       1.00      1.00      1.00     16599
              Gravel       1.00      1.00      1.00      1870
               Trees       1.00      1.00      1.00      2728
Painted metal sheets       1.00      1.00      1.00      1198
           Bare Soil       1.00      1.00      1.00      4477
             Bitumen       1.00      1.00      1.00      1184
Self-Blocking Bricks       1.00      1.00      1.00      3278
             Shadows       1.00      1.00      1.00       844

            accuracy                           1.00     38080
           macro avg       1.00      1.00      1.00     38080
        weighted avg       1.00      1.00      1.00     38080
