
====================== learning rate=0.001 epochs=100 train ratio=0.1 val ratio=0.01 ======================
OA=0.9817106560070091
AA=0.969274165616877
kpp=0.9791491716384748
acc per class:[0.8913 0.982  0.9973 0.9851 0.9736 0.9908 0.913  0.9977 1.     0.978
 0.9917 0.9472 1.     0.9747 0.9637 0.9222]
train time:30.560610532999817
test time:0.0030189500002961722
[[  41    0    0    0    5    0    0    0    0    0    0    0    0    0
     0    0]
 [   0 1256    5    0    0    0    0    0    0    7   11    0    0    0
     0    0]
 [   0    0  731    1    0    0    0    0    0    0    0    0    1    0
     0    0]
 [   0    3    0  198    0    0    0    0    0    0    0    0    0    0
     0    0]
 [   0    0    1    0  405    0    3    0    0    0    0    0    4    0
     3    0]
 [   0    0    0    0    0  647    0    0    0    0    0    0    0    0
     6    0]
 [   0    0    0    0    2    0   21    0    0    0    0    0    0    0
     0    0]
 [   0    0    0    0    1    0    0  427    0    0    0    0    0    0
     0    0]
 [   0    0    0    0    0    0    0    0   16    0    0    0    0    0
     0    0]
 [   0    5    0    0    0    0    0    0    0  846    7    5    0    0
     2    0]
 [   0    0    2    0    3    1    0    0    0   12 2157    0    0    0
     0    0]
 [   0    8    0   13    0    0    0    0    0    0    8  520    0    0
     0    0]
 [   0    0    0    0    0    0    0    0    0    0    0    0  178    0
     0    0]
 [   0    0    0    0   12    1    0    0    0    1    0    0    0 1119
    15    0]
 [   0    0    0    0    3    1    0    0    0    0    0    0    0    8
   319    0]
 [   0    0    0    0    0    0    0    0    0    0    3    4    0    0
     0   83]]

                              precision    recall  f1-score   support

                     Alfalfa       0.89      1.00      0.94        41
                 Corn-notill       0.98      0.99      0.98      1272
                Corn-mintill       1.00      0.99      0.99       739
                        Corn       0.99      0.93      0.96       212
               Grass-pasture       0.97      0.94      0.96       431
                 Grass-trees       0.99      1.00      0.99       650
         Grass-pasture-mowed       0.91      0.88      0.89        24
               Hay-windrowed       1.00      1.00      1.00       427
                        Oats       1.00      1.00      1.00        16
              Soybean-notill       0.98      0.98      0.98       866
             Soybean-mintill       0.99      0.99      0.99      2186
               Soybean-clean       0.95      0.98      0.96       529
                       Wheat       1.00      0.97      0.99       183
                       Woods       0.97      0.99      0.98      1127
Buildings-Grass-Trees-Drives       0.96      0.92      0.94       345
          Stone-Steel-Towers       0.92      1.00      0.96        83

                    accuracy                           0.98      9131
                   macro avg       0.97      0.97      0.97      9131
                weighted avg       0.98      0.98      0.98      9131

====================== learning rate=0.001 epochs=100 train ratio=0.1 val ratio=0.01 ======================
OA=0.9784251451100646
AA=0.9568103279273685
kpp=0.9754069291104073
acc per class:[0.8696 0.9752 0.9959 0.963  0.9876 1.     0.75   1.     1.     0.9802
 0.9772 0.9721 0.9786 0.9788 0.9425 0.9383]
train time:30.732639228000153
test time:0.0025760009998521127
[[  40    0    0    0    0    0    0    0    0    6    0    0    0    0
     0    0]
 [   0 1220    1    0    0    0    0    0    0    4   25    0    0    0
     1    0]
 [   0    1  737    1    0    0    0    0    0    1    0    0    0    0
     0    0]
 [   0    0    0  208    5    2    0    0    0    0    0    1    0    0
     0    0]
 [   0    0    0    0  398    0    0    0    0    3    1    0    0    1
     0    0]
 [   0    0    0    0    0  643    0    0    0    0    0    0    0    0
     0    0]
 [   0    0    0    0    8    0   24    0    0    0    0    0    0    0
     0    0]
 [   0    0    0    0    0    0    0  427    0    0    0    0    0    0
     0    0]
 [   0    0    0    0    0    0    0    0   16    0    0    0    0    0
     0    0]
 [   0    7    1    0    0    0    0    0    0  842    9    0    0    0
     0    0]
 [   0   41    0    0    5    1    0    0    0    3 2147    0    0    0
     0    0]
 [   0    0    0    3    0    0    0    0    0    5    0  523    0    0
     0    7]
 [   0    0    0    0    4    0    0    0    0    0    0    0  183    0
     0    0]
 [   1    3    0    0   11    4    0    0    0    1    4    0    0 1106
     0    0]
 [   0    0    0    0    0    0    0    0    0    1    0    0    0   20
   344    0]
 [   0    0    0    0    0    0    0    0    0    0    0    5    0    0
     0   76]]

                              precision    recall  f1-score   support

                     Alfalfa       0.87      0.98      0.92        41
                 Corn-notill       0.98      0.96      0.97      1272
                Corn-mintill       1.00      1.00      1.00       739
                        Corn       0.96      0.98      0.97       212
               Grass-pasture       0.99      0.92      0.95       431
                 Grass-trees       1.00      0.99      0.99       650
         Grass-pasture-mowed       0.75      1.00      0.86        24
               Hay-windrowed       1.00      1.00      1.00       427
                        Oats       1.00      1.00      1.00        16
              Soybean-notill       0.98      0.97      0.98       866
             Soybean-mintill       0.98      0.98      0.98      2186
               Soybean-clean       0.97      0.99      0.98       529
                       Wheat       0.98      1.00      0.99       183
                       Woods       0.98      0.98      0.98      1127
Buildings-Grass-Trees-Drives       0.94      1.00      0.97       345
          Stone-Steel-Towers       0.94      0.92      0.93        83

                    accuracy                           0.98      9131
                   macro avg       0.96      0.98      0.97      9131
                weighted avg       0.98      0.98      0.98      9131

====================== learning rate=0.001 epochs=100 train ratio=0.1 val ratio=0.01 ======================
OA=0.9761252874822035
AA=0.9726343250805997
kpp=0.972781920359854
acc per class:[0.9091 0.9679 0.9891 0.9177 0.9446 0.9984 1.     1.     1.     0.9705
 0.9858 0.9584 1.     0.9764 0.9571 0.9872]
train time:31.270985554999697
test time:0.0034706999999798427
[[  40    0    0    0    0    0    0    0    0    4    0    0    0    0
     0    0]
 [   1 1235    4    0    0    2    0    0    0    4   20    0    0    0
     9    1]
 [   0    0  724    0    0    0    0    0    0    0    0    8    0    0
     0    0]
 [   0    1    0  212    0    4    0    0    0    0    0   14    0    0
     0    0]
 [   0    0    0    0  426    1    4    0    0   19    1    0    0    0
     0    0]
 [   0    0    0    0    0  640    0    0    0    0    0    0    0    0
     1    0]
 [   0    0    0    0    0    0   20    0    0    0    0    0    0    0
     0    0]
 [   0    0    0    0    0    0    0  427    0    0    0    0    0    0
     0    0]
 [   0    0    0    0    0    0    0    0   16    0    0    0    0    0
     0    0]
 [   0   16    0    0    0    0    0    0    0  822    9    0    0    0
     0    0]
 [   0   19    0    0    1    2    0    0    0    9 2154    0    0    0
     0    0]
 [   0    1   11    0    0    0    0    0    0    4    0  507    0    0
     1    5]
 [   0    0    0    0    0    0    0    0    0    0    0    0  183    0
     0    0]
 [   0    0    0    0    3    1    0    0    0    0    1    0    0 1118
    22    0]
 [   0    0    0    0    1    0    0    0    0    4    0    0    0    9
   312    0]
 [   0    0    0    0    0    0    0    0    0    0    1    0    0    0
     0   77]]

                              precision    recall  f1-score   support

                     Alfalfa       0.91      0.98      0.94        41
                 Corn-notill       0.97      0.97      0.97      1272
                Corn-mintill       0.99      0.98      0.98       739
                        Corn       0.92      1.00      0.96       212
               Grass-pasture       0.94      0.99      0.97       431
                 Grass-trees       1.00      0.98      0.99       650
         Grass-pasture-mowed       1.00      0.83      0.91        24
               Hay-windrowed       1.00      1.00      1.00       427
                        Oats       1.00      1.00      1.00        16
              Soybean-notill       0.97      0.95      0.96       866
             Soybean-mintill       0.99      0.99      0.99      2186
               Soybean-clean       0.96      0.96      0.96       529
                       Wheat       1.00      1.00      1.00       183
                       Woods       0.98      0.99      0.98      1127
Buildings-Grass-Trees-Drives       0.96      0.90      0.93       345
          Stone-Steel-Towers       0.99      0.93      0.96        83

                    accuracy                           0.98      9131
                   macro avg       0.97      0.97      0.97      9131
                weighted avg       0.98      0.98      0.98      9131

====================== learning rate=0.001 epochs=100 train ratio=0.1 val ratio=0.01 ======================
OA=0.9829153433358887
AA=0.9816264919598721
kpp=0.9805223869361958
acc per class:[1.     0.9775 0.9916 0.9953 0.9724 0.9954 1.     0.9977 0.9412 0.9917
 0.9908 0.9722 1.     0.9721 0.9202 0.988 ]
train time:30.61665945200002
test time:0.0030167419999997946
[[  38    0    0    0    0    0    0    0    0    0    0    0    0    0
     0    0]
 [   1 1261    3    0    0    0    0    0    0    3   22    0    0    0
     0    0]
 [   0    5  708    0    0    0    0    0    0    0    1    0    0    0
     0    0]
 [   0    0    1  212    0    0    0    0    0    0    0    0    0    0
     0    0]
 [   0    0    9    0  422    2    0    0    0    0    0    1    0    0
     0    0]
 [   0    2    0    0    0  646    0    0    0    0    1    0    0    0
     0    0]
 [   0    0    0    0    0    0   24    0    0    0    0    0    0    0
     0    0]
 [   1    0    0    0    0    0    0  427    0    0    0    0    0    0
     0    0]
 [   0    0    0    0    0    0    0    0   16    0    0    1    0    0
     0    0]
 [   1    3    1    0    0    0    0    0    0  837    1    1    0    0
     0    0]
 [   0    0    5    0    1    2    0    0    0   12 2160    0    0    0
     0    0]
 [   0    0   11    0    0    0    0    0    0    2    1  525    0    0
     0    1]
 [   0    0    0    0    0    0    0    0    0    0    0    0  179    0
     0    0]
 [   0    0    0    0    8    0    0    0    0    2    0    0    0 1115
    22    0]
 [   0    1    1    0    0    0    0    0    0   10    0    0    4   12
   323    0]
 [   0    0    0    0    0    0    0    0    0    0    0    1    0    0
     0   82]]

                              precision    recall  f1-score   support

                     Alfalfa       1.00      0.93      0.96        41
                 Corn-notill       0.98      0.99      0.98      1272
                Corn-mintill       0.99      0.96      0.97       739
                        Corn       1.00      1.00      1.00       212
               Grass-pasture       0.97      0.98      0.98       431
                 Grass-trees       1.00      0.99      0.99       650
         Grass-pasture-mowed       1.00      1.00      1.00        24
               Hay-windrowed       1.00      1.00      1.00       427
                        Oats       0.94      1.00      0.97        16
              Soybean-notill       0.99      0.97      0.98       866
             Soybean-mintill       0.99      0.99      0.99      2186
               Soybean-clean       0.97      0.99      0.98       529
                       Wheat       1.00      0.98      0.99       183
                       Woods       0.97      0.99      0.98      1127
Buildings-Grass-Trees-Drives       0.92      0.94      0.93       345
          Stone-Steel-Towers       0.99      0.99      0.99        83

                    accuracy                           0.98      9131
                   macro avg       0.98      0.98      0.98      9131
                weighted avg       0.98      0.98      0.98      9131


***************Mean result of 4times runs ********************
List of OA:[0.9817106560070091, 0.9784251451100646, 0.9761252874822035, 0.9829153433358887]
List of AA:[0.969274165616877, 0.9568103279273685, 0.9726343250805997, 0.9816264919598721]
List of KPP:[0.9791491716384748, 0.9754069291104073, 0.972781920359854, 0.9805223869361958]
OA=97.98+-0.27
AA=97.01+-0.89
Kpp=97.7+-0.31
Acc per class=
[91.75 97.57 99.35 96.53 96.95 99.62 91.58 99.88 98.53 98.01 98.64 96.25
 99.47 97.55 94.59 95.89]+-[ 4.97  0.51  0.33  2.98  1.56  0.35 10.21  0.12  2.55  0.76  0.57  1.05
  0.93  0.24  1.67  2.92]
Average training time=30.8+-0.282
Average testing time=3.02+-0.032