
====================== learning rate=0.001 epochs=100 train ratio=0.1 val ratio=0.01 ======================
OA=0.986442866365397
AA=0.9794823761753565
kpp=0.9849076568892579
acc per class:[1.     0.9817 0.9779 0.9207 0.9562 0.9437 0.9895 1.     0.9666 0.9971
 1.     1.     1.    ]
train time:16.445327069000086
test time:0.00259368099978019
[[676   0   0   0   0   0   0   0   0   0   0   0   0]
 [  0 214   0   0   0   4   0   0   0   0   0   0   0]
 [  0   0 221   5   0   0   0   0   0   0   0   0   0]
 [  0   1   6 209  11   0   0   0   0   0   0   0   0]
 [  0   0   1   5 131   0   0   0   0   0   0   0   0]
 [  2   2   0   6   2 201   0   0   0   0   0   0   0]
 [  0   0   1   0   0   0  94   0   0   0   0   0   0]
 [  0   0   0   0   0   0   0 384   0   0   0   0   0]
 [  0   0   0   0   0   0   0   0 463  16   0   0   0]
 [  0   0   0   0   0   0   0   0   0 344   0   1   0]
 [  0   0   0   0   0   0   0   0   0   0 374   0   0]
 [  0   0   0   0   0   0   0   0   0   0   0 447   0]
 [  0   0   0   0   0   0   0   0   0   0   0   0 826]]

                          precision    recall  f1-score   support

                   Scrub       1.00      1.00      1.00       678
            Willow swamp       0.98      0.99      0.98       217
    Cabbage palm hammock       0.98      0.97      0.97       229
Cabbage palm/oak hammock       0.92      0.93      0.92       225
              Slash pine       0.96      0.91      0.93       144
   Oak/broadleaf hammock       0.94      0.98      0.96       205
          Hardwood swamp       0.99      1.00      0.99        94
         Graminoid marsh       1.00      1.00      1.00       384
          Spartine marsh       0.97      1.00      0.98       463
           Cattail marsh       1.00      0.96      0.98       360
              Salt marsh       1.00      1.00      1.00       374
               Mud flats       1.00      1.00      1.00       448
                   Water       1.00      1.00      1.00       826

                accuracy                           0.99      4647
               macro avg       0.98      0.98      0.98      4647
            weighted avg       0.99      0.99      0.99      4647


***************Mean result of 1times runs ********************
List of OA:[0.986442866365397]
List of AA:[0.9794823761753565]
List of KPP:[0.9849076568892579]
OA=98.64+-0.0
AA=97.95+-0.0
Kpp=98.49+-0.0
Acc per class=
[100.    98.17  97.79  92.07  95.62  94.37  98.95 100.    96.66  99.71
 100.   100.   100.  ]+-[0. 0. 0. 0. 0. 0. 0. 0. 0. 0. 0. 0. 0.]
Average training time=16.45+-0.0
Average testing time=2.59+-0.0