
====================== learning rate=0.001 epochs=100 train ratio=0.1 val ratio=0.01 ======================
OA=0.9817106560070091
AA=0.969274165616877
kpp=0.9791491716384748
acc per class:[0.8913 0.982  0.9973 0.9851 0.9736 0.9908 0.913  0.9977 1.     0.978
 0.9917 0.9472 1.     0.9747 0.9637 0.9222]
train time:30.50135633699938
test time:0.0028649810001297737
[[  41    0    0    0    5    0    0    0    0    0    0    0    0    0
     0    0]
 [   0 1256    5    0    0    0    0    0    0    7   11    0    0    0
     0    0]
 [   0    0  731    1    0    0    0    0    0    0    0    0    1    0
     0    0]
 [   0    3    0  198    0    0    0    0    0    0    0    0    0    0
     0    0]
 [   0    0    1    0  405    0    3    0    0    0    0    0    4    0
     3    0]
 [   0    0    0    0    0  647    0    0    0    0    0    0    0    0
     6    0]
 [   0    0    0    0    2    0   21    0    0    0    0    0    0    0
     0    0]
 [   0    0    0    0    1    0    0  427    0    0    0    0    0    0
     0    0]
 [   0    0    0    0    0    0    0    0   16    0    0    0    0    0
     0    0]
 [   0    5    0    0    0    0    0    0    0  846    7    5    0    0
     2    0]
 [   0    0    2    0    3    1    0    0    0   12 2157    0    0    0
     0    0]
 [   0    8    0   13    0    0    0    0    0    0    8  520    0    0
     0    0]
 [   0    0    0    0    0    0    0    0    0    0    0    0  178    0
     0    0]
 [   0    0    0    0   12    1    0    0    0    1    0    0    0 1119
    15    0]
 [   0    0    0    0    3    1    0    0    0    0    0    0    0    8
   319    0]
 [   0    0    0    0    0    0    0    0    0    0    3    4    0    0
     0   83]]

                              precision    recall  f1-score   support

                     Alfalfa       0.89      1.00      0.94        41
                 Corn-notill       0.98      0.99      0.98      1272
                Corn-mintill       1.00      0.99      0.99       739
                        Corn       0.99      0.93      0.96       212
               Grass-pasture       0.97      0.94      0.96       431
                 Grass-trees       0.99      1.00      0.99       650
         Grass-pasture-mowed       0.91      0.88      0.89        24
               Hay-windrowed       1.00      1.00      1.00       427
                        Oats       1.00      1.00      1.00        16
              Soybean-notill       0.98      0.98      0.98       866
             Soybean-mintill       0.99      0.99      0.99      2186
               Soybean-clean       0.95      0.98      0.96       529
                       Wheat       1.00      0.97      0.99       183
                       Woods       0.97      0.99      0.98      1127
Buildings-Grass-Trees-Drives       0.96      0.92      0.94       345
          Stone-Steel-Towers       0.92      1.00      0.96        83

                    accuracy                           0.98      9131
                   macro avg       0.97      0.97      0.97      9131
                weighted avg       0.98      0.98      0.98      9131


***************Mean result of 1times runs ********************
List of OA:[0.9817106560070091]
List of AA:[0.969274165616877]
List of KPP:[0.9791491716384748]
OA=98.17+-0.0
AA=96.93+-0.0
Kpp=97.91+-0.0
Acc per class=
[ 89.13  98.2   99.73  98.51  97.36  99.08  91.3   99.77 100.    97.8
  99.17  94.72 100.    97.47  96.37  92.22]+-[0. 0. 0. 0. 0. 0. 0. 0. 0. 0. 0. 0. 0. 0. 0. 0.]
Average training time=30.5+-0.0
Average testing time=2.86+-0.0