
====================== learning rate=0.001 epochs=100 train ratio=0.1 val ratio=0.01 ======================
OA=0.9957255203037786
AA=0.9980024929503173
kpp=0.9952403839950823
acc per class:[1.         1.         0.99829449 1.         0.99499374 1.
 1.         0.99023807 1.         0.99965718 1.         1.
 1.         1.         0.98611111 0.99874529]
train time:111.30632280200001
test time:0.02832422599999518
[[1789    0    0    0    0    0    0    0    0    0    0    0    0    0
     0    0]
 [   0 3317    0    0    0    0    0    0    0    0    0    0    0    0
     0    0]
 [   0    0 1756    0    0    0    0    0    0    3    0    0    0    0
     0    0]
 [   0    0    0 1237    0    0    0    0    0    0    0    0    0    0
     0    0]
 [   0    0    4    5 2385    0    0    0    3    0    0    0    0    0
     0    0]
 [   0    0    0    0    0 3525    0    0    0    0    0    0    0    0
     0    0]
 [   0    0    0    0    0    0 3185    0    0    0    0    0    0    0
     0    0]
 [   0    0    0    0    0    0    0 9941    0    0    1    0    0    0
    80   17]
 [   0    0    0    0    0    0    0    0 5518    0    0    0    0    0
     0    0]
 [   0    0    0    0    0    0    0    1    0 2916    0    0    0    0
     0    0]
 [   0    0    0    0    0    0    0    0    0    0  951    0    0    0
     0    0]
 [   0    0    0    0    0    0    0    0    0    0    0 1716    0    0
     0    0]
 [   0    0    0    0    0    0    0    0    0    0    0    0  816    0
     0    0]
 [   0    0    0    0    0    0    0    0    0    0    0    0    0  953
     0    0]
 [   0    0    0    0    0    0    0   90    0    0    0    0    0    0
  6390    0]
 [   0    0    0    0    0    0    2    0    0    0    0    0    0    0
     0 1592]]

                            precision    recall  f1-score   support

     Brocoli_green_weeds_1       1.00      1.00      1.00      1789
      Brocoli_gree_weeds_2       1.00      1.00      1.00      3317
                    Fallow       1.00      1.00      1.00      1760
         Fallow_rough_plow       1.00      1.00      1.00      1242
             Fallow_smooth       0.99      1.00      1.00      2385
                   Stubble       1.00      1.00      1.00      3525
                    Celery       1.00      1.00      1.00      3187
          Grapes_untrained       0.99      0.99      0.99     10032
      Soil_vinyard_develop       1.00      1.00      1.00      5521
Corn_sensesced_green_weeds       1.00      1.00      1.00      2919
       Lettuce_romaine_4wk       1.00      1.00      1.00       952
       Lettuce_romaine_5wk       1.00      1.00      1.00      1716
       Lettuce_romaine_6wk       1.00      1.00      1.00       816
       Lettuce_romaine_7wk       1.00      1.00      1.00       953
         Vinyard_untrained       0.99      0.99      0.99      6470
  Vinyard_vertical_trellis       1.00      0.99      0.99      1609

                  accuracy                           1.00     48193
                 macro avg       1.00      1.00      1.00     48193
              weighted avg       1.00      1.00      1.00     48193

====================== learning rate=0.001 epochs=100 train ratio=0.1 val ratio=0.01 ======================
OA=0.9984852571950283
AA=0.999073422646681
kpp=0.9983134505472904
acc per class:[1.         1.         0.99886493 1.         0.99958036 1.
 1.         0.99910027 1.         0.99454483 1.         1.
 1.         1.         0.99308437 1.        ]
train time:103.63424612299997
test time:0.001939230999994379
[[1789    0    0    0    0    0    0    0    0    0    0    0    0    0
     0    0]
 [   0 3317    0    0    0    0    0    0    0    0    0    0    0    0
     0    0]
 [   0    0 1760    0    0    0    0    0    0    2    0    0    0    0
     0    0]
 [   0    0    0 1239    0    0    0    0    0    0    0    0    0    0
     0    0]
 [   0    0    0    1 2382    0    0    0    0    0    0    0    0    0
     0    0]
 [   0    0    0    0    0 3525    0    0    0    0    0    0    0    0
     0    0]
 [   0    0    0    0    0    0 3187    0    0    0    0    0    0    0
     0    0]
 [   0    0    0    0    0    0    0 9994    0    0    1    0    0    0
     8    0]
 [   0    0    0    0    0    0    0    0 5521    0    0    0    0    0
     0    0]
 [   0    0    0    2    3    0    0    0    0 2917    4    0    0    7
     0    0]
 [   0    0    0    0    0    0    0    0    0    0  942    0    0    0
     0    0]
 [   0    0    0    0    0    0    0    0    0    0    0 1716    0    0
     0    0]
 [   0    0    0    0    0    0    0    0    0    0    0    0  816    0
     0    0]
 [   0    0    0    0    0    0    0    0    0    0    0    0    0  946
     0    0]
 [   0    0    0    0    0    0    0   38    0    0    5    0    0    0
  6462    2]
 [   0    0    0    0    0    0    0    0    0    0    0    0    0    0
     0 1607]]

                            precision    recall  f1-score   support

     Brocoli_green_weeds_1       1.00      1.00      1.00      1789
      Brocoli_gree_weeds_2       1.00      1.00      1.00      3317
                    Fallow       1.00      1.00      1.00      1760
         Fallow_rough_plow       1.00      1.00      1.00      1242
             Fallow_smooth       1.00      1.00      1.00      2385
                   Stubble       1.00      1.00      1.00      3525
                    Celery       1.00      1.00      1.00      3187
          Grapes_untrained       1.00      1.00      1.00     10032
      Soil_vinyard_develop       1.00      1.00      1.00      5521
Corn_sensesced_green_weeds       0.99      1.00      1.00      2919
       Lettuce_romaine_4wk       1.00      0.99      0.99       952
       Lettuce_romaine_5wk       1.00      1.00      1.00      1716
       Lettuce_romaine_6wk       1.00      1.00      1.00       816
       Lettuce_romaine_7wk       1.00      0.99      1.00       953
         Vinyard_untrained       0.99      1.00      1.00      6470
  Vinyard_vertical_trellis       1.00      1.00      1.00      1609

                  accuracy                           1.00     48193
                 macro avg       1.00      1.00      1.00     48193
              weighted avg       1.00      1.00      1.00     48193

====================== learning rate=0.001 epochs=100 train ratio=0.1 val ratio=0.01 ======================
OA=0.9957877700080925
AA=0.9978906772913998
kpp=0.9953093262034338
acc per class:[1.         1.         0.99716714 0.9991929  0.9979062  1.
 1.         0.98723909 0.99981884 0.9982865  0.99477534 1.
 1.         1.         0.99186483 1.        ]
train time:103.86222847300007
test time:0.0019424280000066574
[[1789    0    0    0    0    0    0    0    0    0    0    0    0    0
     0    0]
 [   0 3317    0    0    0    0    0    0    0    0    0    0    0    0
     0    0]
 [   0    0 1760    0    0    0    0    0    0    5    0    0    0    0
     0    0]
 [   0    0    0 1238    0    0    0    0    0    0    0    0    0    0
     1    0]
 [   0    0    0    4 2383    0    0    0    0    0    0    0    0    1
     0    0]
 [   0    0    0    0    0 3525    0    0    0    0    0    0    0    0
     0    0]
 [   0    0    0    0    0    0 3187    0    0    0    0    0    0    0
     0    0]
 [   0    0    0    0    0    0    0 9980    0    0    0    0    0    0
   129    0]
 [   0    0    0    0    0    0    0    0 5519    1    0    0    0    0
     0    0]
 [   0    0    0    0    2    0    0    0    1 2913    0    0    0    2
     0    0]
 [   0    0    0    0    0    0    0    0    1    0  952    3    0    1
     0    0]
 [   0    0    0    0    0    0    0    0    0    0    0 1713    0    0
     0    0]
 [   0    0    0    0    0    0    0    0    0    0    0    0  816    0
     0    0]
 [   0    0    0    0    0    0    0    0    0    0    0    0    0  949
     0    0]
 [   0    0    0    0    0    0    0   52    0    0    0    0    0    0
  6340    0]
 [   0    0    0    0    0    0    0    0    0    0    0    0    0    0
     0 1609]]

                            precision    recall  f1-score   support

     Brocoli_green_weeds_1       1.00      1.00      1.00      1789
      Brocoli_gree_weeds_2       1.00      1.00      1.00      3317
                    Fallow       1.00      1.00      1.00      1760
         Fallow_rough_plow       1.00      1.00      1.00      1242
             Fallow_smooth       1.00      1.00      1.00      2385
                   Stubble       1.00      1.00      1.00      3525
                    Celery       1.00      1.00      1.00      3187
          Grapes_untrained       0.99      0.99      0.99     10032
      Soil_vinyard_develop       1.00      1.00      1.00      5521
Corn_sensesced_green_weeds       1.00      1.00      1.00      2919
       Lettuce_romaine_4wk       0.99      1.00      1.00       952
       Lettuce_romaine_5wk       1.00      1.00      1.00      1716
       Lettuce_romaine_6wk       1.00      1.00      1.00       816
       Lettuce_romaine_7wk       1.00      1.00      1.00       953
         Vinyard_untrained       0.99      0.98      0.99      6470
  Vinyard_vertical_trellis       1.00      1.00      1.00      1609

                  accuracy                           1.00     48193
                 macro avg       1.00      1.00      1.00     48193
              weighted avg       1.00      1.00      1.00     48193

====================== learning rate=0.001 epochs=100 train ratio=0.1 val ratio=0.01 ======================
OA=0.9978627601518892
AA=0.9987861582280022
kpp=0.9976202712160454
acc per class:[1.         1.         1.         0.99678715 0.99958089 1.
 1.         0.99512049 1.         0.99556617 0.99894515 1.
 1.         1.         0.99457869 1.        ]
train time:103.919758409
test time:0.0020551699999487028
[[1789    0    0    0    0    0    0    0    0    0    0    0    0    0
     0    0]
 [   0 3317    0    0    0    0    0    0    0    0    0    0    0    0
     0    0]
 [   0    0 1760    0    0    0    0    0    0    0    0    0    0    0
     0    0]
 [   0    0    0 1241    0    0    0    0    0    0    4    0    0    0
     0    0]
 [   0    0    0    1 2385    0    0    0    0    0    0    0    0    0
     0    0]
 [   0    0    0    0    0 3525    0    0    0    0    0    0    0    0
     0    0]
 [   0    0    0    0    0    0 3187    0    0    0    0    0    0    0
     0    0]
 [   0    0    0    0    0    0    0 9993    0    0    0    0    0    0
    49    0]
 [   0    0    0    0    0    0    0    0 5519    0    0    0    0    0
     0    0]
 [   0    0    0    0    0    0    0    4    1 2919    1    0    0    7
     0    0]
 [   0    0    0    0    0    0    0    0    1    0  947    0    0    0
     0    0]
 [   0    0    0    0    0    0    0    0    0    0    0 1716    0    0
     0    0]
 [   0    0    0    0    0    0    0    0    0    0    0    0  816    0
     0    0]
 [   0    0    0    0    0    0    0    0    0    0    0    0    0  946
     0    0]
 [   0    0    0    0    0    0    0   35    0    0    0    0    0    0
  6421    0]
 [   0    0    0    0    0    0    0    0    0    0    0    0    0    0
     0 1609]]

                            precision    recall  f1-score   support

     Brocoli_green_weeds_1       1.00      1.00      1.00      1789
      Brocoli_gree_weeds_2       1.00      1.00      1.00      3317
                    Fallow       1.00      1.00      1.00      1760
         Fallow_rough_plow       1.00      1.00      1.00      1242
             Fallow_smooth       1.00      1.00      1.00      2385
                   Stubble       1.00      1.00      1.00      3525
                    Celery       1.00      1.00      1.00      3187
          Grapes_untrained       1.00      1.00      1.00     10032
      Soil_vinyard_develop       1.00      1.00      1.00      5521
Corn_sensesced_green_weeds       1.00      1.00      1.00      2919
       Lettuce_romaine_4wk       1.00      0.99      1.00       952
       Lettuce_romaine_5wk       1.00      1.00      1.00      1716
       Lettuce_romaine_6wk       1.00      1.00      1.00       816
       Lettuce_romaine_7wk       1.00      0.99      1.00       953
         Vinyard_untrained       0.99      0.99      0.99      6470
  Vinyard_vertical_trellis       1.00      1.00      1.00      1609

                  accuracy                           1.00     48193
                 macro avg       1.00      1.00      1.00     48193
              weighted avg       1.00      1.00      1.00     48193

====================== learning rate=0.001 epochs=100 train ratio=0.1 val ratio=0.01 ======================
OA=0.9959952690224722
AA=0.9981149909857503
kpp=0.9955410990873498
acc per class:[1.         1.         1.         0.99677679 0.99748849 1.
 1.         0.99200959 1.         0.99897331 1.         1.
 1.         1.         0.98459168 1.        ]
train time:103.88519965900002
test time:0.002168515999983356
[[1789    0    0    0    0    0    0    0    0    0    0    0    0    0
     0    0]
 [   0 3317    0    0    0    0    0    0    0    0    0    0    0    0
     0    0]
 [   0    0 1760    0    0    0    0    0    0    0    0    0    0    0
     0    0]
 [   0    0    0 1237    0    0    0    0    0    0    4    0    0    0
     0    0]
 [   0    0    0    5 2383    1    0    0    0    0    0    0    0    0
     0    0]
 [   0    0    0    0    0 3524    0    0    0    0    0    0    0    0
     0    0]
 [   0    0    0    0    0    0 3187    0    0    0    0    0    0    0
     0    0]
 [   0    0    0    0    0    0    0 9932    0    0    0    0    0    0
    80    0]
 [   0    0    0    0    0    0    0    0 5521    0    0    0    0    0
     0    0]
 [   0    0    0    0    2    0    0    0    0 2919    0    0    0    1
     0    0]
 [   0    0    0    0    0    0    0    0    0    0  948    0    0    0
     0    0]
 [   0    0    0    0    0    0    0    0    0    0    0 1716    0    0
     0    0]
 [   0    0    0    0    0    0    0    0    0    0    0    0  816    0
     0    0]
 [   0    0    0    0    0    0    0    0    0    0    0    0    0  952
     0    0]
 [   0    0    0    0    0    0    0  100    0    0    0    0    0    0
  6390    0]
 [   0    0    0    0    0    0    0    0    0    0    0    0    0    0
     0 1609]]

                            precision    recall  f1-score   support

     Brocoli_green_weeds_1       1.00      1.00      1.00      1789
      Brocoli_gree_weeds_2       1.00      1.00      1.00      3317
                    Fallow       1.00      1.00      1.00      1760
         Fallow_rough_plow       1.00      1.00      1.00      1242
             Fallow_smooth       1.00      1.00      1.00      2385
                   Stubble       1.00      1.00      1.00      3525
                    Celery       1.00      1.00      1.00      3187
          Grapes_untrained       0.99      0.99      0.99     10032
      Soil_vinyard_develop       1.00      1.00      1.00      5521
Corn_sensesced_green_weeds       1.00      1.00      1.00      2919
       Lettuce_romaine_4wk       1.00      1.00      1.00       952
       Lettuce_romaine_5wk       1.00      1.00      1.00      1716
       Lettuce_romaine_6wk       1.00      1.00      1.00       816
       Lettuce_romaine_7wk       1.00      1.00      1.00       953
         Vinyard_untrained       0.98      0.99      0.99      6470
  Vinyard_vertical_trellis       1.00      1.00      1.00      1609

                  accuracy                           1.00     48193
                 macro avg       1.00      1.00      1.00     48193
              weighted avg       1.00      1.00      1.00     48193


***************Mean result of 5times runs ********************
List of OA:[0.9957255203037786, 0.9984852571950283, 0.9957877700080925, 0.9978627601518892, 0.9959952690224722]
List of AA:[0.9980024929503173, 0.999073422646681, 0.9978906772913998, 0.9987861582280022, 0.9981149909857503]
List of KPP:[0.9952403839950823, 0.9983134505472904, 0.9953093262034338, 0.9976202712160454, 0.9955410990873498]
OA=99.68+-0.12
AA=99.84+-0.05
Kpp=99.64+-0.13
Acc per class=
[100.   100.    99.89  99.86  99.79 100.   100.    99.27 100.    99.74
  99.87 100.   100.   100.    99.    99.97]+-[0.   0.   0.11 0.15 0.17 0.   0.   0.41 0.01 0.2  0.2  0.   0.   0.
 0.4  0.05]
Average training time=105.32+-2.994
Average testing time=7.29+-1.052