
====================== learning rate=0.001 epochs=100 train ratio=0.1 val ratio=0.01 ======================
OA=0.9993172268907563
AA=0.9991541569922799
kpp=0.9990953265360882
acc per class:[0.99898426 1.         1.         1.         0.99916597 1.
 1.         0.99423719 1.        ]
train time:88.85526278200007
test time:0.001733506000050511
[[ 5901     0     6     0     0     0     0     0     0]
 [    0 16599     0     0     0     0     0     0     0]
 [    0     0  1851     0     0     0     0     0     0]
 [    0     0     0  2723     0     0     0     0     0]
 [    0     0     0     0  1198     0     0     0     1]
 [    0     0     0     0     0  4477     0     0     0]
 [    0     0     0     0     0     0  1184     0     0]
 [    1     0    13     5     0     0     0  3278     0]
 [    0     0     0     0     0     0     0     0   843]]

                      precision    recall  f1-score   support

             Asphalt       1.00      1.00      1.00      5902
             Meadows       1.00      1.00      1.00     16599
              Gravel       1.00      0.99      0.99      1870
               Trees       1.00      1.00      1.00      2728
Painted metal sheets       1.00      1.00      1.00      1198
           Bare Soil       1.00      1.00      1.00      4477
             Bitumen       1.00      1.00      1.00      1184
Self-Blocking Bricks       0.99      1.00      1.00      3278
             Shadows       1.00      1.00      1.00       844

            accuracy                           1.00     38080
           macro avg       1.00      1.00      1.00     38080
        weighted avg       1.00      1.00      1.00     38080

====================== learning rate=0.001 epochs=100 train ratio=0.1 val ratio=0.01 ======================
OA=0.9990546218487395
AA=0.9986372431238719
kpp=0.9987474342265367
acc per class:[0.99949006 0.9998193  0.99946438 0.99780059 0.99833333 0.99977659
 1.         0.99423719 0.99881376]
train time:81.52007095099987
test time:0.0017849339999429503
[[ 5880     0     2     1     0     0     0     0     0]
 [    0 16599     0     1     0     2     0     0     0]
 [    1     0  1866     0     0     0     0     0     0]
 [    6     0     0  2722     0     0     0     0     0]
 [    0     0     0     0  1198     0     0     0     2]
 [    0     0     0     1     0  4475     0     0     0]
 [    0     0     0     0     0     0  1184     0     0]
 [   15     0     2     2     0     0     0  3278     0]
 [    0     0     0     1     0     0     0     0   842]]

                      precision    recall  f1-score   support

             Asphalt       1.00      1.00      1.00      5902
             Meadows       1.00      1.00      1.00     16599
              Gravel       1.00      1.00      1.00      1870
               Trees       1.00      1.00      1.00      2728
Painted metal sheets       1.00      1.00      1.00      1198
           Bare Soil       1.00      1.00      1.00      4477
             Bitumen       1.00      1.00      1.00      1184
Self-Blocking Bricks       0.99      1.00      1.00      3278
             Shadows       1.00      1.00      1.00       844

            accuracy                           1.00     38080
           macro avg       1.00      1.00      1.00     38080
        weighted avg       1.00      1.00      1.00     38080

====================== learning rate=0.001 epochs=100 train ratio=0.1 val ratio=0.01 ======================
OA=0.9989495798319328
AA=0.9989614701692745
kpp=0.9986082823407584
acc per class:[0.99949144 0.99951796 1.         0.99963303 0.99916597 0.99710016
 1.         0.99574468 1.        ]
train time:80.97249594100003
test time:0.0017329419999896345
[[ 5896     0     1     0     0     0     0     2     0]
 [    0 16588     0     1     0     7     0     0     0]
 [    0     0  1861     0     0     0     0     0     0]
 [    0     1     0  2724     0     0     0     0     0]
 [    0     0     0     0  1198     0     0     0     1]
 [    0    10     0     3     0  4470     0     0     0]
 [    0     0     0     0     0     0  1184     0     0]
 [    6     0     8     0     0     0     0  3276     0]
 [    0     0     0     0     0     0     0     0   843]]

                      precision    recall  f1-score   support

             Asphalt       1.00      1.00      1.00      5902
             Meadows       1.00      1.00      1.00     16599
              Gravel       1.00      1.00      1.00      1870
               Trees       1.00      1.00      1.00      2728
Painted metal sheets       1.00      1.00      1.00      1198
           Bare Soil       1.00      1.00      1.00      4477
             Bitumen       1.00      1.00      1.00      1184
Self-Blocking Bricks       1.00      1.00      1.00      3278
             Shadows       1.00      1.00      1.00       844

            accuracy                           1.00     38080
           macro avg       1.00      1.00      1.00     38080
        weighted avg       1.00      1.00      1.00     38080

====================== learning rate=0.001 epochs=100 train ratio=0.1 val ratio=0.01 ======================
OA=0.9989495798319328
AA=0.9983385522061218
kpp=0.9986082354482155
acc per class:[0.99898391 0.99993975 0.99256111 0.99522936 1.         0.99955347
 1.         0.99877937 1.        ]
train time:81.64411115199982
test time:0.0020057470001120237
[[ 5899     0     1     0     0     0     0     5     0]
 [    0 16597     0     1     0     0     0     0     0]
 [    0     0  1868    14     0     0     0     0     0]
 [    0     1     0  2712     0     0     0     0    12]
 [    0     0     0     0  1198     0     0     0     0]
 [    0     1     0     1     0  4477     0     0     0]
 [    0     0     0     0     0     0  1184     0     0]
 [    3     0     1     0     0     0     0  3273     0]
 [    0     0     0     0     0     0     0     0   832]]

                      precision    recall  f1-score   support

             Asphalt       1.00      1.00      1.00      5902
             Meadows       1.00      1.00      1.00     16599
              Gravel       0.99      1.00      1.00      1870
               Trees       1.00      0.99      0.99      2728
Painted metal sheets       1.00      1.00      1.00      1198
           Bare Soil       1.00      1.00      1.00      4477
             Bitumen       1.00      1.00      1.00      1184
Self-Blocking Bricks       1.00      1.00      1.00      3278
             Shadows       1.00      0.99      0.99       844

            accuracy                           1.00     38080
           macro avg       1.00      1.00      1.00     38080
        weighted avg       1.00      1.00      1.00     38080

====================== learning rate=0.001 epochs=100 train ratio=0.1 val ratio=0.01 ======================
OA=0.9985294117647059
AA=0.996543089100245
kpp=0.9980514219092719
acc per class:[0.99932226 0.99975908 0.99945741 1.         1.         1.
 1.         0.99123072 0.97911833]
train time:84.8667285040001
test time:0.001770859000089331
[[ 5898     0     2     1     0     0     1     0     0]
 [    0 16599     0     4     0     0     0     0     0]
 [    1     0  1842     0     0     0     0     0     0]
 [    0     0     0  2711     0     0     0     0     0]
 [    0     0     0     0  1192     0     0     0     0]
 [    0     0     0     0     0  4477     0     0     0]
 [    0     0     0     0     0     0  1183     0     0]
 [    3     0    26     0     0     0     0  3278     0]
 [    0     0     0    12     6     0     0     0   844]]

                      precision    recall  f1-score   support

             Asphalt       1.00      1.00      1.00      5902
             Meadows       1.00      1.00      1.00     16599
              Gravel       1.00      0.99      0.99      1870
               Trees       1.00      0.99      1.00      2728
Painted metal sheets       1.00      0.99      1.00      1198
           Bare Soil       1.00      1.00      1.00      4477
             Bitumen       1.00      1.00      1.00      1184
Self-Blocking Bricks       0.99      1.00      1.00      3278
             Shadows       0.98      1.00      0.99       844

            accuracy                           1.00     38080
           macro avg       1.00      1.00      1.00     38080
        weighted avg       1.00      1.00      1.00     38080


***************Mean result of 5times runs ********************
List of OA:[0.9993172268907563, 0.9990546218487395, 0.9989495798319328, 0.9989495798319328, 0.9985294117647059]
List of AA:[0.9991541569922799, 0.9986372431238719, 0.9989614701692745, 0.9983385522061218, 0.996543089100245]
List of KPP:[0.9990953265360882, 0.9987474342265367, 0.9986082823407584, 0.9986082354482155, 0.9980514219092719]
OA=99.9+-0.03
AA=99.83+-0.09
Kpp=99.86+-0.03
Acc per class=
[ 99.93  99.98  99.83  99.85  99.93  99.93 100.    99.48  99.56]+-[0.02 0.02 0.29 0.18 0.06 0.11 0.   0.25 0.82]
Average training time=83.57+-2.976
Average testing time=1.81+-0.01