
====================== learning rate=0.001 epochs=100 train ratio=0.1 val ratio=0.01 ======================
OA=0.9817106560070091
AA=0.969274165616877
kpp=0.9791491716384748
acc per class:[0.8913 0.982  0.9973 0.9851 0.9736 0.9908 0.913  0.9977 1.     0.978
 0.9917 0.9472 1.     0.9747 0.9637 0.9222]
train time:30.602375534999737
test time:0.0030039069997656043
[[  41    0    0    0    5    0    0    0    0    0    0    0    0    0
     0    0]
 [   0 1256    5    0    0    0    0    0    0    7   11    0    0    0
     0    0]
 [   0    0  731    1    0    0    0    0    0    0    0    0    1    0
     0    0]
 [   0    3    0  198    0    0    0    0    0    0    0    0    0    0
     0    0]
 [   0    0    1    0  405    0    3    0    0    0    0    0    4    0
     3    0]
 [   0    0    0    0    0  647    0    0    0    0    0    0    0    0
     6    0]
 [   0    0    0    0    2    0   21    0    0    0    0    0    0    0
     0    0]
 [   0    0    0    0    1    0    0  427    0    0    0    0    0    0
     0    0]
 [   0    0    0    0    0    0    0    0   16    0    0    0    0    0
     0    0]
 [   0    5    0    0    0    0    0    0    0  846    7    5    0    0
     2    0]
 [   0    0    2    0    3    1    0    0    0   12 2157    0    0    0
     0    0]
 [   0    8    0   13    0    0    0    0    0    0    8  520    0    0
     0    0]
 [   0    0    0    0    0    0    0    0    0    0    0    0  178    0
     0    0]
 [   0    0    0    0   12    1    0    0    0    1    0    0    0 1119
    15    0]
 [   0    0    0    0    3    1    0    0    0    0    0    0    0    8
   319    0]
 [   0    0    0    0    0    0    0    0    0    0    3    4    0    0
     0   83]]

                              precision    recall  f1-score   support

                     Alfalfa       0.89      1.00      0.94        41
                 Corn-notill       0.98      0.99      0.98      1272
                Corn-mintill       1.00      0.99      0.99       739
                        Corn       0.99      0.93      0.96       212
               Grass-pasture       0.97      0.94      0.96       431
                 Grass-trees       0.99      1.00      0.99       650
         Grass-pasture-mowed       0.91      0.88      0.89        24
               Hay-windrowed       1.00      1.00      1.00       427
                        Oats       1.00      1.00      1.00        16
              Soybean-notill       0.98      0.98      0.98       866
             Soybean-mintill       0.99      0.99      0.99      2186
               Soybean-clean       0.95      0.98      0.96       529
                       Wheat       1.00      0.97      0.99       183
                       Woods       0.97      0.99      0.98      1127
Buildings-Grass-Trees-Drives       0.96      0.92      0.94       345
          Stone-Steel-Towers       0.92      1.00      0.96        83

                    accuracy                           0.98      9131
                   macro avg       0.97      0.97      0.97      9131
                weighted avg       0.98      0.98      0.98      9131

====================== learning rate=0.001 epochs=100 train ratio=0.1 val ratio=0.01 ======================
OA=0.9784251451100646
AA=0.9568103279273685
kpp=0.9754069291104073
acc per class:[0.8696 0.9752 0.9959 0.963  0.9876 1.     0.75   1.     1.     0.9802
 0.9772 0.9721 0.9786 0.9788 0.9425 0.9383]
train time:30.846624679999877
test time:0.0029003370000282302
[[  40    0    0    0    0    0    0    0    0    6    0    0    0    0
     0    0]
 [   0 1220    1    0    0    0    0    0    0    4   25    0    0    0
     1    0]
 [   0    1  737    1    0    0    0    0    0    1    0    0    0    0
     0    0]
 [   0    0    0  208    5    2    0    0    0    0    0    1    0    0
     0    0]
 [   0    0    0    0  398    0    0    0    0    3    1    0    0    1
     0    0]
 [   0    0    0    0    0  643    0    0    0    0    0    0    0    0
     0    0]
 [   0    0    0    0    8    0   24    0    0    0    0    0    0    0
     0    0]
 [   0    0    0    0    0    0    0  427    0    0    0    0    0    0
     0    0]
 [   0    0    0    0    0    0    0    0   16    0    0    0    0    0
     0    0]
 [   0    7    1    0    0    0    0    0    0  842    9    0    0    0
     0    0]
 [   0   41    0    0    5    1    0    0    0    3 2147    0    0    0
     0    0]
 [   0    0    0    3    0    0    0    0    0    5    0  523    0    0
     0    7]
 [   0    0    0    0    4    0    0    0    0    0    0    0  183    0
     0    0]
 [   1    3    0    0   11    4    0    0    0    1    4    0    0 1106
     0    0]
 [   0    0    0    0    0    0    0    0    0    1    0    0    0   20
   344    0]
 [   0    0    0    0    0    0    0    0    0    0    0    5    0    0
     0   76]]

                              precision    recall  f1-score   support

                     Alfalfa       0.87      0.98      0.92        41
                 Corn-notill       0.98      0.96      0.97      1272
                Corn-mintill       1.00      1.00      1.00       739
                        Corn       0.96      0.98      0.97       212
               Grass-pasture       0.99      0.92      0.95       431
                 Grass-trees       1.00      0.99      0.99       650
         Grass-pasture-mowed       0.75      1.00      0.86        24
               Hay-windrowed       1.00      1.00      1.00       427
                        Oats       1.00      1.00      1.00        16
              Soybean-notill       0.98      0.97      0.98       866
             Soybean-mintill       0.98      0.98      0.98      2186
               Soybean-clean       0.97      0.99      0.98       529
                       Wheat       0.98      1.00      0.99       183
                       Woods       0.98      0.98      0.98      1127
Buildings-Grass-Trees-Drives       0.94      1.00      0.97       345
          Stone-Steel-Towers       0.94      0.92      0.93        83

                    accuracy                           0.98      9131
                   macro avg       0.96      0.98      0.97      9131
                weighted avg       0.98      0.98      0.98      9131

====================== learning rate=0.001 epochs=100 train ratio=0.1 val ratio=0.01 ======================
OA=0.9761252874822035
AA=0.9726343250805997
kpp=0.972781920359854
acc per class:[0.9091 0.9679 0.9891 0.9177 0.9446 0.9984 1.     1.     1.     0.9705
 0.9858 0.9584 1.     0.9764 0.9571 0.9872]
train time:31.04336106699975
test time:0.0029127540001354646
[[  40    0    0    0    0    0    0    0    0    4    0    0    0    0
     0    0]
 [   1 1235    4    0    0    2    0    0    0    4   20    0    0    0
     9    1]
 [   0    0  724    0    0    0    0    0    0    0    0    8    0    0
     0    0]
 [   0    1    0  212    0    4    0    0    0    0    0   14    0    0
     0    0]
 [   0    0    0    0  426    1    4    0    0   19    1    0    0    0
     0    0]
 [   0    0    0    0    0  640    0    0    0    0    0    0    0    0
     1    0]
 [   0    0    0    0    0    0   20    0    0    0    0    0    0    0
     0    0]
 [   0    0    0    0    0    0    0  427    0    0    0    0    0    0
     0    0]
 [   0    0    0    0    0    0    0    0   16    0    0    0    0    0
     0    0]
 [   0   16    0    0    0    0    0    0    0  822    9    0    0    0
     0    0]
 [   0   19    0    0    1    2    0    0    0    9 2154    0    0    0
     0    0]
 [   0    1   11    0    0    0    0    0    0    4    0  507    0    0
     1    5]
 [   0    0    0    0    0    0    0    0    0    0    0    0  183    0
     0    0]
 [   0    0    0    0    3    1    0    0    0    0    1    0    0 1118
    22    0]
 [   0    0    0    0    1    0    0    0    0    4    0    0    0    9
   312    0]
 [   0    0    0    0    0    0    0    0    0    0    1    0    0    0
     0   77]]

                              precision    recall  f1-score   support

                     Alfalfa       0.91      0.98      0.94        41
                 Corn-notill       0.97      0.97      0.97      1272
                Corn-mintill       0.99      0.98      0.98       739
                        Corn       0.92      1.00      0.96       212
               Grass-pasture       0.94      0.99      0.97       431
                 Grass-trees       1.00      0.98      0.99       650
         Grass-pasture-mowed       1.00      0.83      0.91        24
               Hay-windrowed       1.00      1.00      1.00       427
                        Oats       1.00      1.00      1.00        16
              Soybean-notill       0.97      0.95      0.96       866
             Soybean-mintill       0.99      0.99      0.99      2186
               Soybean-clean       0.96      0.96      0.96       529
                       Wheat       1.00      1.00      1.00       183
                       Woods       0.98      0.99      0.98      1127
Buildings-Grass-Trees-Drives       0.96      0.90      0.93       345
          Stone-Steel-Towers       0.99      0.93      0.96        83

                    accuracy                           0.98      9131
                   macro avg       0.97      0.97      0.97      9131
                weighted avg       0.98      0.98      0.98      9131

====================== learning rate=0.001 epochs=100 train ratio=0.1 val ratio=0.01 ======================
OA=0.9829153433358887
AA=0.9816264919598721
kpp=0.9805223869361958
acc per class:[1.     0.9775 0.9916 0.9953 0.9724 0.9954 1.     0.9977 0.9412 0.9917
 0.9908 0.9722 1.     0.9721 0.9202 0.988 ]
train time:31.464104775000123
test time:0.002927949000877561
[[  38    0    0    0    0    0    0    0    0    0    0    0    0    0
     0    0]
 [   1 1261    3    0    0    0    0    0    0    3   22    0    0    0
     0    0]
 [   0    5  708    0    0    0    0    0    0    0    1    0    0    0
     0    0]
 [   0    0    1  212    0    0    0    0    0    0    0    0    0    0
     0    0]
 [   0    0    9    0  422    2    0    0    0    0    0    1    0    0
     0    0]
 [   0    2    0    0    0  646    0    0    0    0    1    0    0    0
     0    0]
 [   0    0    0    0    0    0   24    0    0    0    0    0    0    0
     0    0]
 [   1    0    0    0    0    0    0  427    0    0    0    0    0    0
     0    0]
 [   0    0    0    0    0    0    0    0   16    0    0    1    0    0
     0    0]
 [   1    3    1    0    0    0    0    0    0  837    1    1    0    0
     0    0]
 [   0    0    5    0    1    2    0    0    0   12 2160    0    0    0
     0    0]
 [   0    0   11    0    0    0    0    0    0    2    1  525    0    0
     0    1]
 [   0    0    0    0    0    0    0    0    0    0    0    0  179    0
     0    0]
 [   0    0    0    0    8    0    0    0    0    2    0    0    0 1115
    22    0]
 [   0    1    1    0    0    0    0    0    0   10    0    0    4   12
   323    0]
 [   0    0    0    0    0    0    0    0    0    0    0    1    0    0
     0   82]]

                              precision    recall  f1-score   support

                     Alfalfa       1.00      0.93      0.96        41
                 Corn-notill       0.98      0.99      0.98      1272
                Corn-mintill       0.99      0.96      0.97       739
                        Corn       1.00      1.00      1.00       212
               Grass-pasture       0.97      0.98      0.98       431
                 Grass-trees       1.00      0.99      0.99       650
         Grass-pasture-mowed       1.00      1.00      1.00        24
               Hay-windrowed       1.00      1.00      1.00       427
                        Oats       0.94      1.00      0.97        16
              Soybean-notill       0.99      0.97      0.98       866
             Soybean-mintill       0.99      0.99      0.99      2186
               Soybean-clean       0.97      0.99      0.98       529
                       Wheat       1.00      0.98      0.99       183
                       Woods       0.97      0.99      0.98      1127
Buildings-Grass-Trees-Drives       0.92      0.94      0.93       345
          Stone-Steel-Towers       0.99      0.99      0.99        83

                    accuracy                           0.98      9131
                   macro avg       0.98      0.98      0.98      9131
                weighted avg       0.98      0.98      0.98      9131

====================== learning rate=0.001 epochs=100 train ratio=0.1 val ratio=0.01 ======================
OA=0.9825867922461943
AA=0.9863961487193216
kpp=0.9801364485713812
acc per class:[1.     0.9709 0.985  1.     0.9725 0.9907 1.     1.     1.     0.9815
 0.9837 0.9772 1.     0.986  0.9707 0.9643]
train time:31.29264511100064
test time:0.002867264999622421
[[  37    0    0    0    0    0    0    0    0    0    0    0    0    0
     0    0]
 [   1 1233   10    4    0    0    0    0    0   11   11    0    0    0
     0    0]
 [   0    0  721    0    0    0    0    0    0    0    0   11    0    0
     0    0]
 [   0    0    0  203    0    0    0    0    0    0    0    0    0    0
     0    0]
 [   3    0    0    0  424    0    7    0    0    0    2    0    0    0
     0    0]
 [   0    1    0    0    3  642    0    0    0    0    0    0    0    0
     2    0]
 [   0    0    0    0    0    0   17    0    0    0    0    0    0    0
     0    0]
 [   0    0    0    0    0    0    0  427    0    0    0    0    0    0
     0    0]
 [   0    0    0    0    0    0    0    0   16    0    0    0    0    0
     0    0]
 [   0   14    0    0    0    0    0    0    0  847    2    0    0    0
     0    0]
 [   0   21    7    0    0    1    0    0    0    7 2169    0    0    0
     0    0]
 [   0    3    0    5    0    0    0    0    0    0    0  514    0    0
     2    2]
 [   0    0    0    0    0    0    0    0    0    0    0    0  183    0
     0    0]
 [   0    0    0    0    0    6    0    0    0    0    0    0    0 1127
    10    0]
 [   0    0    1    0    4    1    0    0    0    1    2    1    0    0
   331    0]
 [   0    0    0    0    0    0    0    0    0    0    0    3    0    0
     0   81]]

                              precision    recall  f1-score   support

                     Alfalfa       1.00      0.90      0.95        41
                 Corn-notill       0.97      0.97      0.97      1272
                Corn-mintill       0.98      0.98      0.98       739
                        Corn       1.00      0.96      0.98       212
               Grass-pasture       0.97      0.98      0.98       431
                 Grass-trees       0.99      0.99      0.99       650
         Grass-pasture-mowed       1.00      0.71      0.83        24
               Hay-windrowed       1.00      1.00      1.00       427
                        Oats       1.00      1.00      1.00        16
              Soybean-notill       0.98      0.98      0.98       866
             Soybean-mintill       0.98      0.99      0.99      2186
               Soybean-clean       0.98      0.97      0.97       529
                       Wheat       1.00      1.00      1.00       183
                       Woods       0.99      1.00      0.99      1127
Buildings-Grass-Trees-Drives       0.97      0.96      0.97       345
          Stone-Steel-Towers       0.96      0.98      0.97        83

                    accuracy                           0.98      9131
                   macro avg       0.99      0.96      0.97      9131
                weighted avg       0.98      0.98      0.98      9131


***************Mean result of 5times runs ********************
List of OA:[0.9817106560070091, 0.9784251451100646, 0.9761252874822035, 0.9829153433358887, 0.9825867922461943]
List of AA:[0.969274165616877, 0.9568103279273685, 0.9726343250805997, 0.9816264919598721, 0.9863961487193216]
List of KPP:[0.9791491716384748, 0.9754069291104073, 0.972781920359854, 0.9805223869361958, 0.9801364485713812]
OA=98.04+-0.26
AA=97.33+-1.03
Kpp=97.76+-0.3
Acc per class=
[93.4  97.47 99.18 97.22 97.01 99.51 93.26 99.91 98.82 98.04 98.59 96.54
 99.57 97.76 95.08 96.  ]+-[5.53 0.5  0.45 3.01 1.4  0.38 9.73 0.11 2.35 0.68 0.53 1.11 0.86 0.47
 1.79 2.62]
Average training time=31.05+-0.307
Average testing time=2.92+-0.005